5.005005005005005655e-11
1.001001001001001131e-10
1.501501501501501761e-10
2.002002002002002262e-10
2.502502502502502763e-10
3.003003003003003522e-10
3.503503503503503765e-10
4.004004004004004524e-10
4.504504504504505283e-10
5.005005005005005526e-10
5.505505505505506285e-10
6.006006006006007045e-10
6.506506506506507804e-10
7.007007007007007529e-10
7.507507507507508289e-10
8.008008008008009048e-10
8.508508508508509807e-10
9.009009009009010567e-10
9.509509509509510292e-10
1.001001001001001105e-09
1.051051051051051181e-09
1.101101101101101257e-09
1.151151151151151333e-09
1.201201201201201409e-09
1.251251251251251485e-09
1.301301301301301561e-09
1.351351351351351430e-09
1.401401401401401506e-09
1.451451451451451582e-09
1.501501501501501658e-09
1.551551551551551734e-09
1.601601601601601810e-09
1.651651651651651886e-09
1.701701701701701961e-09
1.751751751751752037e-09
1.801801801801802113e-09
1.851851851851852189e-09
1.901901901901902058e-09
1.951951951951952134e-09
2.002002002002002210e-09
2.052052052052052286e-09
2.102102102102102362e-09
2.152152152152152438e-09
2.202202202202202514e-09
2.252252252252252590e-09
2.302302302302302666e-09
2.352352352352352742e-09
2.402402402402402818e-09
2.452452452452452894e-09
2.502502502502502970e-09
2.552552552552553046e-09
2.602602602602603122e-09
2.652652652652653198e-09
2.702702702702702860e-09
2.752752752752752936e-09
2.802802802802803012e-09
2.852852852852853088e-09
2.902902902902903164e-09
2.952952952952953240e-09
3.003003003003003315e-09
3.053053053053053391e-09
3.103103103103103467e-09
3.153153153153153543e-09
3.203203203203203619e-09
3.253253253253253695e-09
3.303303303303303771e-09
3.353353353353353847e-09
3.403403403403403923e-09
3.453453453453453999e-09
3.503503503503504075e-09
3.553553553553554151e-09
3.603603603603604227e-09
3.653653653653654303e-09
3.703703703703704379e-09
3.753753753753754041e-09
3.803803803803804117e-09
3.853853853853854193e-09
3.903903903903904269e-09
3.953953953953954345e-09
4.004004004004004421e-09
4.054054054054054497e-09
4.104104104104104573e-09
4.154154154154154648e-09
4.204204204204204724e-09
4.254254254254254800e-09
4.304304304304304876e-09
4.354354354354354952e-09
4.404404404404405028e-09
4.454454454454455104e-09
4.504504504504505180e-09
4.554554554554555256e-09
4.604604604604605332e-09
4.654654654654655408e-09
4.704704704704705484e-09
4.754754754754755560e-09
4.804804804804805636e-09
4.854854854854855712e-09
4.904904904904905788e-09
4.954954954954955863e-09
5.005005005005005939e-09
5.055055055055056015e-09
5.105105105105106091e-09
5.155155155155156167e-09
5.205205205205206243e-09
5.255255255255256319e-09
5.305305305305306395e-09
5.355355355355355644e-09
5.405405405405405720e-09
5.455455455455455796e-09
5.505505505505505872e-09
5.555555555555555948e-09
5.605605605605606023e-09
5.655655655655656099e-09
5.705705705705706175e-09
5.755755755755756251e-09
5.805805805805806327e-09
5.855855855855856403e-09
5.905905905905906479e-09
5.955955955955956555e-09
6.006006006006006631e-09
6.056056056056056707e-09
6.106106106106106783e-09
6.156156156156156859e-09
6.206206206206206935e-09
6.256256256256257011e-09
6.306306306306307087e-09
6.356356356356357163e-09
6.406406406406407238e-09
6.456456456456457314e-09
6.506506506506507390e-09
6.556556556556557466e-09
6.606606606606607542e-09
6.656656656656657618e-09
6.706706706706707694e-09
6.756756756756757770e-09
6.806806806806807846e-09
6.856856856856857922e-09
6.906906906906907998e-09
6.956956956956958074e-09
7.007007007007008150e-09
7.057057057057058226e-09
7.107107107107108302e-09
7.157157157157158378e-09
7.207207207207208453e-09
7.257257257257258529e-09
7.307307307307308605e-09
7.357357357357358681e-09
7.407407407407408757e-09
7.457457457457458006e-09
7.507507507507508082e-09
7.557557557557558158e-09
7.607607607607608234e-09
7.657657657657658310e-09
7.707707707707708386e-09
7.757757757757758462e-09
7.807807807807808538e-09
7.857857857857858613e-09
7.907907907907908689e-09
7.957957957957958765e-09
8.008008008008008841e-09
8.058058058058058917e-09
8.108108108108108993e-09
8.158158158158159069e-09
8.208208208208209145e-09
8.258258258258259221e-09
8.308308308308309297e-09
8.358358358358359373e-09
8.408408408408409449e-09
8.458458458458459525e-09
8.508508508508509601e-09
8.558558558558559677e-09
8.608608608608609753e-09
8.658658658658659828e-09
8.708708708708709904e-09
8.758758758758759980e-09
8.808808808808810056e-09
8.858858858858860132e-09
8.908908908908910208e-09
8.958958958958960284e-09
9.009009009009010360e-09
9.059059059059060436e-09
9.109109109109110512e-09
9.159159159159160588e-09
9.209209209209210664e-09
9.259259259259260740e-09
9.309309309309310816e-09
9.359359359359360892e-09
9.409409409409410968e-09
9.459459459459461043e-09
9.509509509509511119e-09
9.559559559559561195e-09
9.609609609609611271e-09
9.659659659659661347e-09
9.709709709709711423e-09
9.759759759759761499e-09
9.809809809809811575e-09
9.859859859859861651e-09
9.909909909909911727e-09
9.959959959959961803e-09
1.001001001001001188e-08
1.006006006006006195e-08
1.011011011011011203e-08
1.016016016016016211e-08
1.021021021021021218e-08
1.026026026026026226e-08
1.031031031031031233e-08
1.036036036036036241e-08
1.041041041041041249e-08
1.046046046046046256e-08
1.051051051051051264e-08
1.056056056056056271e-08
1.061061061061061279e-08
1.066066066066066287e-08
1.071071071071071129e-08
1.076076076076076136e-08
1.081081081081081144e-08
1.086086086086086152e-08
1.091091091091091159e-08
1.096096096096096167e-08
1.101101101101101174e-08
1.106106106106106182e-08
1.111111111111111190e-08
1.116116116116116197e-08
1.121121121121121205e-08
1.126126126126126212e-08
1.131131131131131220e-08
1.136136136136136227e-08
1.141141141141141235e-08
1.146146146146146243e-08
1.151151151151151250e-08
1.156156156156156258e-08
1.161161161161161265e-08
1.166166166166166273e-08
1.171171171171171281e-08
1.176176176176176288e-08
1.181181181181181296e-08
1.186186186186186303e-08
1.191191191191191311e-08
1.196196196196196319e-08
1.201201201201201326e-08
1.206206206206206334e-08
1.211211211211211341e-08
1.216216216216216349e-08
1.221221221221221357e-08
1.226226226226226364e-08
1.231231231231231372e-08
1.236236236236236379e-08
1.241241241241241387e-08
1.246246246246246395e-08
1.251251251251251402e-08
1.256256256256256410e-08
1.261261261261261417e-08
1.266266266266266425e-08
1.271271271271271433e-08
1.276276276276276440e-08
1.281281281281281448e-08
1.286286286286286455e-08
1.291291291291291463e-08
1.296296296296296470e-08
1.301301301301301478e-08
1.306306306306306486e-08
1.311311311311311493e-08
1.316316316316316501e-08
1.321321321321321508e-08
1.326326326326326516e-08
1.331331331331331524e-08
1.336336336336336531e-08
1.341341341341341539e-08
1.346346346346346546e-08
1.351351351351351554e-08
1.356356356356356562e-08
1.361361361361361569e-08
1.366366366366366577e-08
1.371371371371371584e-08
1.376376376376376592e-08
1.381381381381381600e-08
1.386386386386386607e-08
1.391391391391391615e-08
1.396396396396396622e-08
1.401401401401401630e-08
1.406406406406406638e-08
1.411411411411411645e-08
1.416416416416416653e-08
1.421421421421421660e-08
1.426426426426426668e-08
1.431431431431431676e-08
1.436436436436436683e-08
1.441441441441441691e-08
1.446446446446446698e-08
1.451451451451451706e-08
1.456456456456456713e-08
1.461461461461461721e-08
1.466466466466466729e-08
1.471471471471471736e-08
1.476476476476476744e-08
1.481481481481481751e-08
1.486486486486486759e-08
1.491491491491491601e-08
1.496496496496496774e-08
1.501501501501501616e-08
1.506506506506506789e-08
1.511511511511511632e-08
1.516516516516516805e-08
1.521521521521521647e-08
1.526526526526526820e-08
1.531531531531531662e-08
1.536536536536536835e-08
1.541541541541541677e-08
1.546546546546546850e-08
1.551551551551551692e-08
1.556556556556556865e-08
1.561561561561561708e-08
1.566566566566566881e-08
1.571571571571571723e-08
1.576576576576576896e-08
1.581581581581581738e-08
1.586586586586586911e-08
1.591591591591591753e-08
1.596596596596596926e-08
1.601601601601601768e-08
1.606606606606606941e-08
1.611611611611611783e-08
1.616616616616616956e-08
1.621621621621621799e-08
1.626626626626626972e-08
1.631631631631631814e-08
1.636636636636636987e-08
1.641641641641641829e-08
1.646646646646647002e-08
1.651651651651651844e-08
1.656656656656657017e-08
1.661661661661661859e-08
1.666666666666667032e-08
1.671671671671671875e-08
1.676676676676677048e-08
1.681681681681681890e-08
1.686686686686687063e-08
1.691691691691691905e-08
1.696696696696697078e-08
1.701701701701701920e-08
1.706706706706707093e-08
1.711711711711711935e-08
1.716716716716716777e-08
1.721721721721721951e-08
1.726726726726726793e-08
1.731731731731731966e-08
1.736736736736736808e-08
1.741741741741741981e-08
1.746746746746746823e-08
1.751751751751751996e-08
1.756756756756756838e-08
1.761761761761762011e-08
1.766766766766766853e-08
1.771771771771772026e-08
1.776776776776776869e-08
1.781781781781782042e-08
1.786786786786786884e-08
1.791791791791792057e-08
1.796796796796796899e-08
1.801801801801802072e-08
1.806806806806806914e-08
1.811811811811812087e-08
1.816816816816816929e-08
1.821821821821822102e-08
1.826826826826826945e-08
1.831831831831832118e-08
1.836836836836836960e-08
1.841841841841842133e-08
1.846846846846846975e-08
1.851851851851852148e-08
1.856856856856856990e-08
1.861861861861862163e-08
1.866866866866867005e-08
1.871871871871872178e-08
1.876876876876877020e-08
1.881881881881882194e-08
1.886886886886887036e-08
1.891891891891892209e-08
1.896896896896897051e-08
1.901901901901902224e-08
1.906906906906907066e-08
1.911911911911912239e-08
1.916916916916917081e-08
1.921921921921922254e-08
1.926926926926927096e-08
1.931931931931932269e-08
1.936936936936937112e-08
1.941941941941942285e-08
1.946946946946947127e-08
1.951951951951952300e-08
1.956956956956957142e-08
1.961961961961962315e-08
1.966966966966967157e-08
1.971971971971972330e-08
1.976976976976977172e-08
1.981981981981982345e-08
1.986986986986987188e-08
1.991991991991992361e-08
1.996996996996997203e-08
2.002002002002002376e-08
2.007007007007007218e-08
2.012012012012012391e-08
2.017017017017017233e-08
2.022022022022022406e-08
2.027027027027027248e-08
2.032032032032032421e-08
2.037037037037037263e-08
2.042042042042042437e-08
2.047047047047047279e-08
2.052052052052052452e-08
2.057057057057057294e-08
2.062062062062062467e-08
2.067067067067067309e-08
2.072072072072072482e-08
2.077077077077077324e-08
2.082082082082082497e-08
2.087087087087087339e-08
2.092092092092092512e-08
2.097097097097097355e-08
2.102102102102102528e-08
2.107107107107107370e-08
2.112112112112112543e-08
2.117117117117117385e-08
2.122122122122122558e-08
2.127127127127127400e-08
2.132132132132132573e-08
2.137137137137137415e-08
2.142142142142142258e-08
2.147147147147147431e-08
2.152152152152152273e-08
2.157157157157157446e-08
2.162162162162162288e-08
2.167167167167167461e-08
2.172172172172172303e-08
2.177177177177177476e-08
2.182182182182182318e-08
2.187187187187187491e-08
2.192192192192192333e-08
2.197197197197197506e-08
2.202202202202202349e-08
2.207207207207207522e-08
2.212212212212212364e-08
2.217217217217217537e-08
2.222222222222222379e-08
2.227227227227227552e-08
2.232232232232232394e-08
2.237237237237237567e-08
2.242242242242242409e-08
2.247247247247247582e-08
2.252252252252252425e-08
2.257257257257257598e-08
2.262262262262262440e-08
2.267267267267267613e-08
2.272272272272272455e-08
2.277277277277277628e-08
2.282282282282282470e-08
2.287287287287287643e-08
2.292292292292292485e-08
2.297297297297297658e-08
2.302302302302302501e-08
2.307307307307307674e-08
2.312312312312312516e-08
2.317317317317317689e-08
2.322322322322322531e-08
2.327327327327327704e-08
2.332332332332332546e-08
2.337337337337337719e-08
2.342342342342342561e-08
2.347347347347347734e-08
2.352352352352352576e-08
2.357357357357357749e-08
2.362362362362362592e-08
2.367367367367367765e-08
2.372372372372372607e-08
2.377377377377377780e-08
2.382382382382382622e-08
2.387387387387387795e-08
2.392392392392392637e-08
2.397397397397397810e-08
2.402402402402402652e-08
2.407407407407407825e-08
2.412412412412412668e-08
2.417417417417417841e-08
2.422422422422422683e-08
2.427427427427427856e-08
2.432432432432432698e-08
2.437437437437437871e-08
2.442442442442442713e-08
2.447447447447447886e-08
2.452452452452452728e-08
2.457457457457457901e-08
2.462462462462462744e-08
2.467467467467467917e-08
2.472472472472472759e-08
2.477477477477477932e-08
2.482482482482482774e-08
2.487487487487487947e-08
2.492492492492492789e-08
2.497497497497497962e-08
2.502502502502502804e-08
2.507507507507507977e-08
2.512512512512512819e-08
2.517517517517517992e-08
2.522522522522522835e-08
2.527527527527528008e-08
2.532532532532532850e-08
2.537537537537538023e-08
2.542542542542542865e-08
2.547547547547548038e-08
2.552552552552552880e-08
2.557557557557558053e-08
2.562562562562562895e-08
2.567567567567567738e-08
2.572572572572572911e-08
2.577577577577577753e-08
2.582582582582582926e-08
2.587587587587587768e-08
2.592592592592592941e-08
2.597597597597597783e-08
2.602602602602602956e-08
2.607607607607607798e-08
2.612612612612612971e-08
2.617617617617617813e-08
2.622622622622622987e-08
2.627627627627627829e-08
2.632632632632633002e-08
2.637637637637637844e-08
2.642642642642643017e-08
2.647647647647647859e-08
2.652652652652653032e-08
2.657657657657657874e-08
2.662662662662663047e-08
2.667667667667667889e-08
2.672672672672673062e-08
2.677677677677677905e-08
2.682682682682683078e-08
2.687687687687687920e-08
2.692692692692693093e-08
2.697697697697697935e-08
2.702702702702703108e-08
2.707707707707707950e-08
2.712712712712713123e-08
2.717717717717717965e-08
2.722722722722723138e-08
2.727727727727727981e-08
2.732732732732733154e-08
2.737737737737737996e-08
2.742742742742743169e-08
2.747747747747748011e-08
2.752752752752753184e-08
2.757757757757758026e-08
2.762762762762763199e-08
2.767767767767768041e-08
2.772772772772773214e-08
2.777777777777778056e-08
2.782782782782783230e-08
2.787787787787788072e-08
2.792792792792793245e-08
2.797797797797798087e-08
2.802802802802803260e-08
2.807807807807808102e-08
2.812812812812813275e-08
2.817817817817818117e-08
2.822822822822823290e-08
2.827827827827828132e-08
2.832832832832833305e-08
2.837837837837838148e-08
2.842842842842843321e-08
2.847847847847848163e-08
2.852852852852853336e-08
2.857857857857858178e-08
2.862862862862863351e-08
2.867867867867868193e-08
2.872872872872873366e-08
2.877877877877878208e-08
2.882882882882883381e-08
2.887887887887888224e-08
2.892892892892893397e-08
2.897897897897898239e-08
2.902902902902903412e-08
2.907907907907908254e-08
2.912912912912913427e-08
2.917917917917918269e-08
2.922922922922923442e-08
2.927927927927928284e-08
2.932932932932933457e-08
2.937937937937938299e-08
2.942942942942943473e-08
2.947947947947948315e-08
2.952952952952953488e-08
2.957957957957958330e-08
2.962962962962963503e-08
2.967967967967968345e-08
2.972972972972973518e-08
2.977977977977978360e-08
2.982982982982983202e-08
2.987987987987988375e-08
2.992992992992993548e-08
2.997997997997998060e-08
3.003003003003003233e-08
3.008008008008008406e-08
3.013013013013013579e-08
3.018018018018018090e-08
3.023023023023023263e-08
3.028028028028028436e-08
3.033033033033033609e-08
3.038038038038038120e-08
3.043043043043043294e-08
3.048048048048048467e-08
3.053053053053053640e-08
3.058058058058058151e-08
3.063063063063063324e-08
3.068068068068068497e-08
3.073073073073073670e-08
3.078078078078078181e-08
3.083083083083083354e-08
3.088088088088088527e-08
3.093093093093093700e-08
3.098098098098098212e-08
3.103103103103103385e-08
3.108108108108108558e-08
3.113113113113113731e-08
3.118118118118118242e-08
3.123123123123123415e-08
3.128128128128128588e-08
3.133133133133133761e-08
3.138138138138138272e-08
3.143143143143143445e-08
3.148148148148148618e-08
3.153153153153153791e-08
3.158158158158158303e-08
3.163163163163163476e-08
3.168168168168168649e-08
3.173173173173173822e-08
3.178178178178178333e-08
3.183183183183183506e-08
3.188188188188188679e-08
3.193193193193193852e-08
3.198198198198198363e-08
3.203203203203203537e-08
3.208208208208208710e-08
3.213213213213213883e-08
3.218218218218218394e-08
3.223223223223223567e-08
3.228228228228228740e-08
3.233233233233233913e-08
3.238238238238238424e-08
3.243243243243243597e-08
3.248248248248248770e-08
3.253253253253253943e-08
3.258258258258258455e-08
3.263263263263263628e-08
3.268268268268268801e-08
3.273273273273273974e-08
3.278278278278278485e-08
3.283283283283283658e-08
3.288288288288288831e-08
3.293293293293294004e-08
3.298298298298298515e-08
3.303303303303303688e-08
3.308308308308308861e-08
3.313313313313314034e-08
3.318318318318318546e-08
3.323323323323323719e-08
3.328328328328328892e-08
3.333333333333334065e-08
3.338338338338338576e-08
3.343343343343343749e-08
3.348348348348348922e-08
3.353353353353354095e-08
3.358358358358358606e-08
3.363363363363363780e-08
3.368368368368368953e-08
3.373373373373374126e-08
3.378378378378378637e-08
3.383383383383383810e-08
3.388388388388388983e-08
3.393393393393394156e-08
3.398398398398398667e-08
3.403403403403403840e-08
3.408408408408409013e-08
3.413413413413414186e-08
3.418418418418418698e-08
3.423423423423423871e-08
3.428428428428429044e-08
3.433433433433433555e-08
3.438438438438438728e-08
3.443443443443443901e-08
3.448448448448449074e-08
3.453453453453453585e-08
3.458458458458458758e-08
3.463463463463463931e-08
3.468468468468469104e-08
3.473473473473473616e-08
3.478478478478478789e-08
3.483483483483483962e-08
3.488488488488489135e-08
3.493493493493493646e-08
3.498498498498498819e-08
3.503503503503503992e-08
3.508508508508509165e-08
3.513513513513513676e-08
3.518518518518518849e-08
3.523523523523524023e-08
3.528528528528529196e-08
3.533533533533533707e-08
3.538538538538538880e-08
3.543543543543544053e-08
3.548548548548549226e-08
3.553553553553553737e-08
3.558558558558558910e-08
3.563563563563564083e-08
3.568568568568569256e-08
3.573573573573573768e-08
3.578578578578578941e-08
3.583583583583584114e-08
3.588588588588589287e-08
3.593593593593593798e-08
3.598598598598598971e-08
3.603603603603604144e-08
3.608608608608609317e-08
3.613613613613613828e-08
3.618618618618619001e-08
3.623623623623624174e-08
3.628628628628629347e-08
3.633633633633633859e-08
3.638638638638639032e-08
3.643643643643644205e-08
3.648648648648649378e-08
3.653653653653653889e-08
3.658658658658659062e-08
3.663663663663664235e-08
3.668668668668669408e-08
3.673673673673673919e-08
3.678678678678679092e-08
3.683683683683684266e-08
3.688688688688689439e-08
3.693693693693693950e-08
3.698698698698699123e-08
3.703703703703704296e-08
3.708708708708709469e-08
3.713713713713713980e-08
3.718718718718719153e-08
3.723723723723724326e-08
3.728728728728729499e-08
3.733733733733734011e-08
3.738738738738739184e-08
3.743743743743744357e-08
3.748748748748749530e-08
3.753753753753754041e-08
3.758758758758759214e-08
3.763763763763764387e-08
3.768768768768769560e-08
3.773773773773774071e-08
3.778778778778779244e-08
3.783783783783784417e-08
3.788788788788789590e-08
3.793793793793794102e-08
3.798798798798799275e-08
3.803803803803804448e-08
3.808808808808809621e-08
3.813813813813814132e-08
3.818818818818819305e-08
3.823823823823824478e-08
3.828828828828829651e-08
3.833833833833834162e-08
3.838838838838839335e-08
3.843843843843844509e-08
3.848848848848849020e-08
3.853853853853854193e-08
3.858858858858859366e-08
3.863863863863864539e-08
3.868868868868869050e-08
3.873873873873874223e-08
3.878878878878879396e-08
3.883883883883884569e-08
3.888888888888889081e-08
3.893893893893894254e-08
3.898898898898899427e-08
3.903903903903904600e-08
3.908908908908909111e-08
3.913913913913914284e-08
3.918918918918919457e-08
3.923923923923924630e-08
3.928928928928929141e-08
3.933933933933934314e-08
3.938938938938939487e-08
3.943943943943944660e-08
3.948948948948949172e-08
3.953953953953954345e-08
3.958958958958959518e-08
3.963963963963964691e-08
3.968968968968969202e-08
3.973973973973974375e-08
3.978978978978979548e-08
3.983983983983984721e-08
3.988988988988989232e-08
3.993993993993994405e-08
3.998998998998999578e-08
4.004004004004004752e-08
4.009009009009009263e-08
4.014014014014014436e-08
4.019019019019019609e-08
4.024024024024024782e-08
4.029029029029029293e-08
4.034034034034034466e-08
4.039039039039039639e-08
4.044044044044044812e-08
4.049049049049049324e-08
4.054054054054054497e-08
4.059059059059059670e-08
4.064064064064064843e-08
4.069069069069069354e-08
4.074074074074074527e-08
4.079079079079079700e-08
4.084084084084084873e-08
4.089089089089089384e-08
4.094094094094094557e-08
4.099099099099099730e-08
4.104104104104104903e-08
4.109109109109109415e-08
4.114114114114114588e-08
4.119119119119119761e-08
4.124124124124124934e-08
4.129129129129129445e-08
4.134134134134134618e-08
4.139139139139139791e-08
4.144144144144144964e-08
4.149149149149149475e-08
4.154154154154154648e-08
4.159159159159159821e-08
4.164164164164164995e-08
4.169169169169169506e-08
4.174174174174174679e-08
4.179179179179179852e-08
4.184184184184185025e-08
4.189189189189189536e-08
4.194194194194194709e-08
4.199199199199199882e-08
4.204204204204205055e-08
4.209209209209209567e-08
4.214214214214214740e-08
4.219219219219219913e-08
4.224224224224225086e-08
4.229229229229229597e-08
4.234234234234234770e-08
4.239239239239239943e-08
4.244244244244245116e-08
4.249249249249249627e-08
4.254254254254254800e-08
4.259259259259259973e-08
4.264264264264265146e-08
4.269269269269269658e-08
4.274274274274274831e-08
4.279279279279280004e-08
4.284284284284284515e-08
4.289289289289289688e-08
4.294294294294294861e-08
4.299299299299300034e-08
4.304304304304304545e-08
4.309309309309309718e-08
4.314314314314314891e-08
4.319319319319320064e-08
4.324324324324324576e-08
4.329329329329329749e-08
4.334334334334334922e-08
4.339339339339340095e-08
4.344344344344344606e-08
4.349349349349349779e-08
4.354354354354354952e-08
4.359359359359360125e-08
4.364364364364364637e-08
4.369369369369369810e-08
4.374374374374374983e-08
4.379379379379380156e-08
4.384384384384384667e-08
4.389389389389389840e-08
4.394394394394395013e-08
4.399399399399400186e-08
4.404404404404404697e-08
4.409409409409409870e-08
4.414414414414415043e-08
4.419419419419420216e-08
4.424424424424424728e-08
4.429429429429429901e-08
4.434434434434435074e-08
4.439439439439440247e-08
4.444444444444444758e-08
4.449449449449449931e-08
4.454454454454455104e-08
4.459459459459460277e-08
4.464464464464464788e-08
4.469469469469469961e-08
4.474474474474475134e-08
4.479479479479480307e-08
4.484484484484484819e-08
4.489489489489489992e-08
4.494494494494495165e-08
4.499499499499500338e-08
4.504504504504504849e-08
4.509509509509510022e-08
4.514514514514515195e-08
4.519519519519520368e-08
4.524524524524524880e-08
4.529529529529530053e-08
4.534534534534535226e-08
4.539539539539540399e-08
4.544544544544544910e-08
4.549549549549550083e-08
4.554554554554555256e-08
4.559559559559560429e-08
4.564564564564564940e-08
4.569569569569570113e-08
4.574574574574575286e-08
4.579579579579580459e-08
4.584584584584584971e-08
4.589589589589590144e-08
4.594594594594595317e-08
4.599599599599600490e-08
4.604604604604605001e-08
4.609609609609610174e-08
4.614614614614615347e-08
4.619619619619620520e-08
4.624624624624625031e-08
4.629629629629630204e-08
4.634634634634635377e-08
4.639639639639640550e-08
4.644644644644645062e-08
4.649649649649650235e-08
4.654654654654655408e-08
4.659659659659660581e-08
4.664664664664665092e-08
4.669669669669670265e-08
4.674674674674675438e-08
4.679679679679680611e-08
4.684684684684685123e-08
4.689689689689690296e-08
4.694694694694695469e-08
4.699699699699699980e-08
4.704704704704705153e-08
4.709709709709710326e-08
4.714714714714715499e-08
4.719719719719720010e-08
4.724724724724725183e-08
4.729729729729730356e-08
4.734734734734735529e-08
4.739739739739740041e-08
4.744744744744745214e-08
4.749749749749750387e-08
4.754754754754755560e-08
4.759759759759760071e-08
4.764764764764765244e-08
4.769769769769770417e-08
4.774774774774775590e-08
4.779779779779780101e-08
4.784784784784785274e-08
4.789789789789790447e-08
4.794794794794795620e-08
4.799799799799800132e-08
4.804804804804805305e-08
4.809809809809810478e-08
4.814814814814815651e-08
4.819819819819820162e-08
4.824824824824825335e-08
4.829829829829830508e-08
4.834834834834835681e-08
4.839839839839840192e-08
4.844844844844845366e-08
4.849849849849850539e-08
4.854854854854855712e-08
4.859859859859860223e-08
4.864864864864865396e-08
4.869869869869870569e-08
4.874874874874875742e-08
4.879879879879880253e-08
4.884884884884885426e-08
4.889889889889890599e-08
4.894894894894895772e-08
4.899899899899900284e-08
4.904904904904905457e-08
4.909909909909910630e-08
4.914914914914915803e-08
4.919919919919920314e-08
4.924924924924925487e-08
4.929929929929930660e-08
4.934934934934935833e-08
4.939939939939940344e-08
4.944944944944945517e-08
4.949949949949950690e-08
4.954954954954955863e-08
4.959959959959960375e-08
4.964964964964965548e-08
4.969969969969970721e-08
4.974974974974975894e-08
4.979979979979980405e-08
4.984984984984985578e-08
4.989989989989990751e-08
4.994994994994995924e-08
